0.00513958 0.015377 0.0256308 0.0362475 0.0485008 0.0836301 0.141233 0.193754 0.247148 0.3085 0.392997 0.515406 0.65374 0.792248 0.930774 
0.00637269 0.0187487 0.0310034 0.0445525 0.0635453 0.100454 0.153012 0.20453 0.258525 0.321522 0.408981 0.530076 0.663973 0.798442 0.932913 
0.00797832 0.0232178 0.0381855 0.0553456 0.0791819 0.117167 0.166843 0.218014 0.273095 0.338708 0.428885 0.547524 0.676215 0.805936 0.935529 
0.00962768 0.0281398 0.0464713 0.0674922 0.0953308 0.134511 0.182907 0.234508 0.291427 0.360396 0.452507 0.567494 0.690352 0.814668 0.938587 
0.011346 0.0333825 0.0554212 0.0803941 0.111878 0.152667 0.201152 0.254063 0.313622 0.386095 0.478919 0.58932 0.70597 0.82435 0.941961 
0.0131986 0.0389249 0.0647629 0.0936973 0.128713 0.171597 0.221307 0.276339 0.339017 0.414436 0.506681 0.612013 0.722355 0.834478 0.945451 
0.0150711 0.0445573 0.0742873 0.107201 0.145746 0.191156 0.242923 0.300605 0.366326 0.443675 0.534303 0.634498 0.738635 0.844384 0.948785 
0.0168478 0.0501132 0.0839075 0.120843 0.16293 0.211158 0.265483 0.325953 0.394161 0.472313 0.560652 0.655881 0.754025 0.853514 0.951768 
0.0186105 0.0557188 0.0937033 0.134679 0.18026 0.231427 0.288513 0.35157 0.421442 0.499401 0.585101 0.675611 0.768024 0.861652 0.954404 
0.0204194 0.0615141 0.103839 0.148839 0.197746 0.251814 0.311677 0.376895 0.447501 0.524494 0.607454 0.69349 0.780436 0.868813 0.956785 
0.0221956 0.0675272 0.114549 0.163495 0.215371 0.27221 0.334813 0.401616 0.471965 0.547467 0.627823 0.709562 0.791229 0.875035 0.958967 
0.0238245 0.0738428 0.126193 0.178829 0.233038 0.292552 0.35797 0.425595 0.494578 0.568388 0.64654 0.723998 0.800387 0.880383 0.961057 
0.0252447 0.0807856 0.139333 0.194953 0.250477 0.312896 0.381466 0.448736 0.515017 0.587461 0.664162 0.736984 0.807806 0.885015 0.963325 
0.026289 0.0889126 0.154767 0.211755 0.267169 0.333641 0.406019 0.470762 0.532714 0.605144 0.681594 0.748612 0.813129 0.889102 0.966247 
0.0265022 0.0993128 0.173693 0.228566 0.28236 0.356308 0.433024 0.490721 0.546709 0.622648 0.700464 0.758622 0.815495 0.892885 0.970817 
