0.172853 0.172129 0.171447 0.170505 0.16784 0.149537 0.116491 0.0862974 0.0556307 0.0216199 0.00498128 0.00505601 0.00504853 0.00511435 0.0080726 
0.189552 0.184544 0.181661 0.178399 0.171283 0.151991 0.122367 0.0931456 0.0627553 0.0312385 0.0165455 0.0166717 0.0166533 0.0171711 0.0307647 
0.207104 0.198489 0.193019 0.187155 0.177039 0.157509 0.130314 0.10208 0.0725213 0.0441787 0.0316126 0.031585 0.031617 0.0333307 0.0558378 
0.221132 0.212656 0.20546 0.197432 0.185306 0.165898 0.140625 0.113613 0.0856947 0.0610995 0.0506336 0.0502951 0.0505665 0.0541373 0.0779942 
0.235286 0.227461 0.219156 0.209514 0.196138 0.177117 0.153561 0.128218 0.102841 0.0822658 0.0736864 0.0730495 0.0738622 0.0795204 0.10244 
0.253436 0.243526 0.23415 0.223397 0.209406 0.191058 0.169267 0.146145 0.124023 0.107363 0.100409 0.0996942 0.101366 0.109184 0.134452 
0.271927 0.26036 0.250228 0.238899 0.224865 0.20752 0.187706 0.167285 0.148746 0.13562 0.130105 0.129637 0.132329 0.141878 0.167749 
0.286875 0.277218 0.26714 0.255791 0.242232 0.226238 0.208652 0.191214 0.176213 0.166133 0.161949 0.161977 0.165539 0.175553 0.195523 
0.301873 0.294392 0.284799 0.273886 0.261253 0.246934 0.231772 0.217379 0.20564 0.198123 0.195164 0.195752 0.19977 0.209027 0.222766 
0.320542 0.312213 0.303147 0.293044 0.281732 0.269354 0.256717 0.245265 0.236411 0.231021 0.22913 0.230169 0.234198 0.242375 0.255424 
0.339349 0.33039 0.322107 0.313184 0.303537 0.293295 0.283185 0.274474 0.268104 0.264442 0.26341 0.264693 0.268369 0.275351 0.287944 
0.354755 0.348662 0.341672 0.334295 0.326603 0.318605 0.310947 0.304727 0.300447 0.298143 0.297726 0.29902 0.302038 0.307339 0.314325 
0.370307 0.367345 0.36194 0.356429 0.350899 0.345178 0.339849 0.335844 0.333263 0.331975 0.331929 0.333017 0.335172 0.338572 0.340265 
0.389448 0.386665 0.383059 0.379677 0.376404 0.372943 0.369814 0.367712 0.366438 0.365853 0.365955 0.366672 0.367918 0.369846 0.371912 
0.408708 0.406585 0.405259 0.404129 0.403061 0.401892 0.400862 0.400245 0.399885 0.399732 0.399793 0.400043 0.400444 0.401144 0.403653 
