0 0 0 0 0 0 0 0 0 0 0 0 0 0 0 0 
0.00940173 0.0111566 0.0143342 0.0175791 0.0209317 0.0244523 0.0283421 0.0319425 0.0354488 0.038993 0.0426847 0.0460979 0.0492001 0.0517788 0.0533773 0.0526316 
0.0188035 0.0221462 0.027358 0.0336001 0.0404485 0.0476977 0.0552077 0.0627369 0.0703248 0.0781086 0.0862701 0.0950563 0.105017 0.117147 0.133348 0.157895 
0.0282052 0.0333685 0.041141 0.0506429 0.0611937 0.072345 0.0838014 0.0954032 0.107165 0.119215 0.131764 0.145104 0.159597 0.17557 0.193002 0.210526 
0.0376069 0.0458094 0.057891 0.0717077 0.0864246 0.101613 0.11703 0.132569 0.148234 0.164101 0.180275 0.196838 0.213776 0.230868 0.247579 0.263158 
0.0446582 0.0659289 0.0845521 0.102577 0.120614 0.138862 0.157348 0.176038 0.194882 0.213824 0.232781 0.251591 0.269946 0.287318 0.302912 0.315789 
0.105432 0.118501 0.132835 0.148705 0.166149 0.185043 0.205136 0.226102 0.247611 0.269389 0.291261 0.313205 0.335466 0.358853 0.38548 0.421053 
0.166206 0.174793 0.185919 0.199912 0.216861 0.236556 0.258491 0.281963 0.306254 0.330799 0.355259 0.379527 0.403681 0.427865 0.451878 0.473684 
0.211786 0.222232 0.235175 0.25105 0.270207 0.292626 0.317682 0.344284 0.371309 0.397918 0.423603 0.448075 0.471098 0.4923 0.511006 0.526316 
0.27256 0.282015 0.294677 0.311478 0.332971 0.358685 0.387074 0.416265 0.444786 0.471756 0.496729 0.519455 0.539683 0.556986 0.570565 0.578947 
0.333333 0.346094 0.363303 0.385373 0.411764 0.440958 0.471026 0.500333 0.527867 0.553197 0.576292 0.597394 0.61702 0.636156 0.656868 0.684211 
0.438596 0.453963 0.472564 0.494302 0.518588 0.544368 0.570374 0.595477 0.618932 0.640409 0.659919 0.677686 0.69406 0.709415 0.723936 0.736842 
0.578947 0.590116 0.603661 0.619571 0.637515 0.656807 0.676503 0.695638 0.713475 0.729629 0.744002 0.756641 0.767603 0.77686 0.784236 0.789474 
0.719298 0.726598 0.735517 0.746111 0.758213 0.771345 0.784764 0.797636 0.809349 0.819641 0.828473 0.835799 0.841506 0.845255 0.846166 0.842105 
0.859649 0.863447 0.868206 0.873909 0.880438 0.887404 0.894399 0.900739 0.906331 0.911286 0.915853 0.920015 0.924212 0.929088 0.9359 0.947368 
1 1 1 1 1 1 1 1 1 1 1 1 1 1 1 1 
