0.166667 0.179825 0.20614 0.219298 0.232456 0.245614 0.27193 0.285088 0.298246 0.311404 0.337719 0.350877 0.364035 0.377193 0.403509 0.416667 
0.166667 0.178255 0.193988 0.208988 0.223785 0.239287 0.256911 0.27378 0.290387 0.307456 0.325591 0.34321 0.360896 0.379102 0.397989 0.416667 
0.166667 0.176926 0.189006 0.201972 0.215878 0.230893 0.247014 0.263735 0.28097 0.298755 0.31705 0.33571 0.354832 0.374548 0.395019 0.416667 
0.166667 0.17553 0.185182 0.195914 0.208075 0.221779 0.236915 0.253249 0.270608 0.288862 0.30792 0.327747 0.348396 0.369985 0.392685 0.416667 
0.166667 0.173158 0.179726 0.187799 0.197939 0.210263 0.224633 0.240798 0.258509 0.277564 0.297828 0.319239 0.341797 0.365539 0.390499 0.416667 
0.166667 0.164868 0.16738 0.173251 0.182234 0.194115 0.208615 0.225415 0.244207 0.264733 0.286801 0.310282 0.335093 0.361166 0.38841 0.416667 
0.131579 0.135035 0.140679 0.148727 0.159381 0.172739 0.188763 0.207286 0.228045 0.250751 0.275132 0.300966 0.328082 0.356372 0.385826 0.416667 
0.0964912 0.102857 0.110895 0.120956 0.133435 0.148687 0.16688 0.187895 0.211383 0.23691 0.264074 0.292567 0.322174 0.352768 0.384288 0.416667 
0.0701754 0.0756661 0.0831643 0.0933042 0.106756 0.123993 0.145021 0.169346 0.196233 0.224989 0.255087 0.286167 0.318 0.350434 0.383357 0.416667 
0.0350877 0.0415934 0.0505975 0.0630193 0.0796994 0.100916 0.126161 0.154454 0.18482 0.216516 0.24905 0.282112 0.315507 0.349112 0.38285 0.416667 
0 0.00979835 0.0229648 0.0401333 0.0615458 0.0869015 0.115473 0.14639 0.178866 0.212291 0.246226 0.280381 0.314574 0.348708 0.382744 0.416667 
0 0.0101268 0.0232922 0.04006 0.0607954 0.0855026 0.113757 0.1448 0.177739 0.211761 0.246244 0.280787 0.315164 0.349273 0.383097 0.416667 
0 0.0100973 0.0231707 0.039817 0.0605079 0.0853921 0.114125 0.145866 0.179503 0.214006 0.248665 0.283076 0.317054 0.350579 0.383742 0.416667 
0 0.0100968 0.0232484 0.0402319 0.0617091 0.0878395 0.118106 0.15122 0.185567 0.220004 0.254115 0.287618 0.320403 0.35265 0.384701 0.416667 
0 0.0103606 0.0249788 0.0448638 0.0697445 0.0987882 0.132001 0.166187 0.199238 0.2313 0.264081 0.29559 0.325744 0.35549 0.386542 0.416667 
0 0.0219298 0.0657895 0.0877193 0.109649 0.131579 0.175439 0.197368 0.219298 0.241228 0.285088 0.307018 0.328947 0.350877 0.394737 0.416667 
